$ 1 0.000005 10.20027730826997 50 5 50 5e-11
r 128 192 240 192 0 25000
r 240 160 128 160 0 25000
r 240 96 336 96 0 25000
r 256 256 336 256 0 25000
R 128 160 80 160 0 0 40 5 0 0 0.5
R 128 192 80 192 0 0 40 5 0 0 0.5
w 256 256 240 192 0
w 240 96 240 160 0
w 336 96 368 176 0
r 432 192 432 288 0 1000
w 368 176 432 192 0
g 432 288 432 352 0 0
g 336 256 336 304 0 0
409 256 176 368 176 1 0.6 -4.290998340737997 0.023100000000000002 0
w 240 160 256 160 0
w 240 192 256 192 0
R 304 144 304 112 0 0 40 5 0 0 0.5
R 304 208 304 224 0 0 40 -5 0 0 0.5
